9513247211
9513629765
9519166919
9514229138
9513743492
9517913681
9516653686
9517615233
9514417584
9511465411
9512156736
9516386555
9515995497
9512547226
9513768176
9511514739
9511462393
9513167259
9513194334
9519615467
9513742584
9511927689
9514353846
9518562754
9517725842
9518169748
9519967695
9511117835
9513356449
9516814159
9516754871
9512673246
9513715569
9517748165
9514326553
9519853653
9516629966
9518853813
9511254652
9519488787
9519324976
9512198423
9513121728
9519445676
9512795984
9511344532
9519426128
9518738992
9515791286
9513825495
9514576175
9512319845
9512425747
9517262716
9512384466
9518371256
9515767296
9511268148
9514234836
9513178195
9515888965
9515297912
9511829585
9514384734
9514653313
9516799823
9519212367
9512145632
9511783349
9518639764
9511532812
9519378673
9512759499
9517663491
9512218144
9518175117
9512275863
9511296516
9515944115
9515411466
9515299786
9511445221
9519563515
9512124181
9512645181
9512318248
9518474967
9513648676
9518314816
9518263932
9518323741
9516654925
9511454571
9517491994
9512634814
9515253715
9517916117
9518692497
9519987391
9519456389
9518883549
9511469233
9513673465
9513813424
9511773361
9512372379
9511699998
9518448248
9514385137
9513119991
9513377351
9517397754
9519869992
9512566824
9511151524
9518366525
9511792664
9519774531
9519892285
9518229574
9519245772
9517515564
9517322253
9518734516
9518915663
9511198996
9515734843
9516563465
9516282669
9518794785
9517268686
9512494843
9519189967
9519417683
9518663228
9515177257
9515164814
9512462521
9518718462
9512915278
9519812827
9519638515
9515764859
9511225542
9516689688
9517825925
9513764983
9514142736
9517556888
9516858623
9511664475
9519397643
9513215733
9513993269
9512858443
9511478911
9519926513
9517339614
9515677213
9519155113
9514963419
9514618948
9516329154
9513543863
9515146581
9515611973
9514387461
9514797841
9514282943
9511443398
9516839692
9516567348
9514287377
9512745177
9518277341
9519324159
9519796376
9514922544
9517182112
9517854193
9517344781
9513547744
9512883426
9518283462
9512193873
9513731224
9518389522
9514936863
9515898622
9513152668
9513549769
9512946341
9511176678
9511934821
9512915841
9514798292
9512383291
9512127555
9513464896
9518137317
9519586116
9517735252
9512214455
9516797351
9518922694
9515763198
9512567572
9512992815
9513882781
9515844373
9515658571
9512463419
9512621676
9511235788
9515169326
9512126357
9517499876
9512887285
9518286877
9513372599
9511523587
9516759453
9519516448
9511768227
9511819484
9511713932
9512211547
9511799524
9518921392
9514568663
9514752361
9519544833
9513929423
9511686487
9517296384
9519446284
9517662654
9518128983
9518647244
9519875848
9516325788
9515422712
9516859569
9513927784
9519579559
9512537447
9514843785
9516797136
9512264986
9518857933
9514889588
9511948569
9511593799
9512863575
9518617384
9513634122
9514197566
9512125527
9515897529
9513638417
9513897612
9518938781
9515884578
9518481276
9515999425
9516458126
9519661158
9513367175
9513945278
9517151365
9519784387
9519171668
9514732742
9517667524
9516875471
9517216363
9512281446
9515964148
9516289695
9516742293
9514358414
9513551868
9515332785
9512439753
9518688959
9513656962
9512926635
9512212422
9511984155
9514386138
9514334212
9511133655
9518292719
9519361477
9514899882
9511221152
9513144965
9515222112
9515561291
9514756294
9513135146
9516659172
9515458287
9515626165
9518754853
9513253285
9512126723
9514419625
9514337417
9516468426
9518772284
9515719592
9517335574
9515599441
9517946846
9517122659
9512589635
9512178448
9517812641
9512145172
9519756329
9515174973
9517957496
9514717837
9516692814
9513923254
9514448894
9519579616
9513532763
9516693452
9512258834
9518912878
9514686138
9518826748
9513456545
9511367972
9511829945
9514357235
9511332292
9518373371
9517526398
9518814718
9512885986
9517563729
9516756976
9511355355
9513216899
9518167384
9519532895
9517173772
9517389729
9519191739
9511312474
9515199126
9516872881
9512482717
9517351954
9516433259
9519277579
9517553116
9512154675
9518943861
9511962731
9511634418
9516193786
9511451176
9517518748
9517884349
9514955594
9517188873
9513642696
9512612691
9515888369
9512328477
9515994368
9515664392
9512851889
9514334782
9511574768
9512362192
9517153995
9516129669
9517317328
9519464324
9511924169
9512385317
9518791756
9515913122
9519443679
9519135752
9514253257
9519877118
9514637958
9511525158
9515988755
9516365857
9516468174
9511327949
9511868869
9512967346
9514667294
9513593283
9518492446
9517337473
9515672152
9514638132
9515471275
9515463584
9516995328
9515283937
9514232477
9513197159
9512275233
9514167288
9511685313
9515434431
9513627822
9512579139
9515543988
9513454489
9513669824
9518382644
9516657911
9514447124
9515816866
9515712482
9512996536
9513114534
9518275742
9517573823
9514619951
9511565226
9519132344
9513476153
9517897342
9513379494
9514688933
9517331361
9517367132
9519652726
9511746936
9512926832
9516798869
9519859524
9512672823
9513236215
9515147218
9517324747
9519448981
9517469246
9512559456
9514199125
9515454726
9512718575
9518329425
9511753121
9518634634
9517548586
9516595919
9517684843
9519376724
9519232838
9511544794
9518625953
9512845643
9512138769
9516683217
9511313831
9519962457
9517826962
9513761141
9512441713
9512537153
9513585114
9513414441
9518274646
9515696217
9516593673
9512225344
9519868584
9512723589
9514823648
9519636447
9518965449
9514669869
9519193194
9518539987
9514934136
9512132172
9519122792
9511443619
9511593734
9515781199
9514864371
9511225664
9513724166
9511684411
9516551587
9517547435
9514932127
9511369267
9519256866
9517197413
9514213953
9518436854
9513784364
9519494736
9516599889
9517666485
9517144985
9511269321
9516441843
9511197198
9512873386
9511929774
9513131352
9517659876
9514259716
9518719444
9518461371
9516446796
9519213241
9517734379
9519561886
9514186484
9519493241
9512489463
9518473464
9517331278
9515667348
9512131965
9514276462
9518575682
9513984729
9513834372
9517381727
9515346616
9518562519
9514172779
9517137636
9515414955
9519486437
9511646172
9515114154
9512962465
9511576352
9514383443
9515569333
9512291339
9514199627
9512517114
9514595729
9516535552
9517755766
9513398119
9515699588
9519412412
9518113645
9517324396
9515581333
9514774153
9515217742
9518569424
9514143848
9514767555
9516623676
9515718591
9513859466
9517286795
9511533238
9518168877
9512698221
9513586936
9517293729
9519369478
9515115892
9514675767
9511371792
9511543866
9519748943
9512362352
9519779861
9513591315
9511914394
9511777478
9516615616
9514711438
9518435111
9511687611
9517669179
9519421989
9511694288
9517997585
9512444575
9514636417
9512287982
9512664614
9516853955
9516385819
9515712557
9515532551
9516134692
9513496392
9512723258
9518974788
9519954656
9514468596
9517759122
9511611389
9511265951
9517677985
9515145132
9514327699
9514837646
9516621415
9517534845
9518555912
9511912522
9511296458
9514499285
9515667329
9511751986
9518146998
9511766515
9516636187
9513222827
9519877645
9513448146
9514768619
9513357942
9517282688
9516538238
9513518424
9515793154
9512414962
9517177562
9513677411
9513215428
9517572631
9511351447
9519114464
9515134656
9519652356
9519331349
9515551462
9511618395
9513988516
9518935571
9515154871
9519891248
9518611145
9512332793
9515746335
9518454723
9517875156
9518142967
9514963414
9513337167
9514974962
9517517243
9515971435
9518141738
9512996132
9513482858
9515685598
9513866485
9518711469
9513572778
9517239253
9512349211
9519788461
9511151396
9514217767
9512134685
9514663552
9519398358
9514568621
9511555384
9518271334
9512879317
9511886591
9515454961
9514322682
9518324965
9518493641
9518884875
9514775753
9513788625
9514977342
9519337871
9513993612
9515893124
9515579348
9517941297
9519711669
9513129185
9512565263
9511215357
9514816335
9517232888
9512532828
9519228141
9513913324
9513173164
9514916638
9517342448
9512777648
9511297157
9513544673
9517934639
9519825964
9518322582
9513216787
9516633556
9517295915
9517643467
9516542861
9511642325
9516117679
9513431976
9518384166
9511878895
9513416696
9514992747
9511768874
9515717193
9519885934
9511536332
9514255245
9516259399
9513121918
9514458966
9519943915
9512992787
9515324598
9512788411
9513475355
9513113438
9514586395
9516175861
9517314891
9515197293
9515766815
9513725963
9514543966
9513917317
9517653181
9518516819
9515116565
9512868379
9513866458
9519686199
9516647531
9512929139
9519473347
9513135593
9518315117
9519891255
9518742388
9516165233
9519937587
9519713569
9513189624
9516469687
9513113827
9518997387
9514379724
9512624729
9516187399
9516621499
9519228847
9516871649
9516426161
9519919351
9518329654
9514736433
9515755884
9517114357
9513849865
9517648719
9512381452
9511121958
9516685387
9516395794
9516192225
9518719178
9516966585
9512293731
9513348633
9513874675
9514351452
9515415466
9512317436
9515839136
9511571871
9514389918
9516683819
9516816931
9519728765
9516235726
9511345651
9517346751
9517914244
9511628221
9517536479
9516395636
9511266281
9517614385
9513166383
9513295591
9512941584
9514959288
9513891845
9517885976
9515987881
9518716637
9516896175
9512666919
9518825387
9513798881
9515343758
9515963748
9516963282
9515255236
9515782536
9513952873
9519287839
9513678624
9515787368
9516277754
9516719771
9513613979
9518663862
9513532393
9516362224
9515196377
9519311241
9517945993
9514216118
9516896455
9519798432
9516818932
9517782563
9515967597
9519982329
9512615967
9511222865
9516575434
9511448147
9511947859
9514165956
9511674647
9516234511
9513127163
9519822362
9512518155
9518797447
9511636355
9519919335
9514216576
9516193535
9518824833
9517994883
9512181537
9511634931
9512767734
9514931296
9516699162
9515829662
9511473361
9514618425
9518689276
9511877317
9517226699
9511399663
9518182495
9515956321
9515819757
9515818585
9512778242
9514978152
9518964654
9514149917
9517314852
9512716756
9511293557
9518336285
9515773185
9513236239
9512873942
9519748781
9513368956
9518193165
9518576582
9518181654
9513289632
9511212624
9512498652
9514143616
9519337636
9515136657
9514246916
9517275638
9514379448
9512774268
9511863955
9514471338
9515923376
9518379787
9519515574
9517344115
9512396488
9514376227
9511788299
9516226722
9516945976
9518684578
9511768546
9513429956
9514167266
9519888427
9513168645
9515344633
9511445236
9515759554
9513425669
9513521951
9512992776
9515586183
9517897956
9518937437
9511372589
9513789724
9513844176
9518248253
9512469245
9515914232
9512289588
9518624297
9517356431
9517475678
9519971327
9512187461
9515831116
9518477243
9516873755
9518926724
9514592797
9514151177
9517293417
9511934378
9517396695
9515254511
9518539788
9518453564
9517377648
9516239157
9512176614
9519633594
9511444482
9518732985
9511129135
9514425711
9517947219
9516658935
9513428974
9513894748
9511466297
9513914495
9511353718
9519193191
9511942143
9514312744
9518215653
9517932934
9518695627
9515771338
9516316482
9511944246
9516234674
9518721292
9511469967
9516761934
9513436952
9515739271
9512589472
9511144799
9511764361
9512857926
9512698626
9517566258
9514258946
9519942672
9514943649
9518726489
9518947116
9517224921
9514777616
9516238522
9519965369