01000
01010
01020
01028
01029
01030
01030
01040
01048
01049
01050
01060
01060
01070
01080
01089
01090
01090
01090
01100
01100
01109
01110
01110
01110
01110
01116
01120
01120
01120
01120
01120
01125
01130
01130
01130
01130
01139
01140
01140
01150
01150
01159
01160
01160
01160
01160
01170
01170
01180
01180
01180
01184
01200
01209
01210
01219
01220
01220
01220
01220
01220
01220
01230
01230
01230
01230
01230
01239
01240
01250
01250
01250
01250
01250
01259
01259
01260
01260
01260
01260
01260
01269
01269
01270
01270
01270
01270
01270
01270
01275
01276
01278
01279
01280
01280
01280
01280
01280
01285
01289
01290
01290
01296
01296
01296
01298
01299
01299
01310
01320
01330
01340
01376
01376
01376
01376
01377
01379
01389
01400
01400
01407
01408
01410
01410
01419
01420
01420
01430
01440
01450
01450
01450
01450
01460
01470
01470
01480
01490
01490
01500
01500
01504
01505
01506
01507
01508
01509
01510
01510
01510
01520
01520
01520
01520
01520
01530
01537
01538
01539
01539
01540
01540
01540
01540
01540
01548
01549
01550
01550
01550
01560
01560
01560
01560
01566
01567
01569
01580
01580
01585
01586
01587
01588
01589
01590
01600
01600
01610
01610
01618
01618
01619
01619
01620
01630
01630
01630
01630
01640
01645
01650
01650
01650
01650
01650
01650
01650
01700
01700
01700
01700
01700
01700
01708
01708
01710
01710
01720
01729
01730
01730
01740
01740
01740
01750
01750
01750
01759
01760
01760
01760
01770
01770
01780
01780
01788
01789
01790
01790
01800
01807
01810
01820
01820
01830
01840
01849
01849
01856
01857
01859
01860
01870
01900
01904
01940
01990
02000
02008
02010
02010
02010
02020
02020
02040
02040
02050
02050
02050
02060
02060
02070
02070
02070
02070
02070
02080
02080
02090
02099
02100
02100
02109
02109
02110
02110
02120
02125
02127
02128
02129
02130
02140
02150
02150
02160
02169
02200
02230
02240
02240
02240
02240
02250
02260
02300
02310
02320
02330
02340
02350
02360
02400
02400
02400
02409
02410
02419
02420
02420
02430
02440
02450
02450
02459
02460
02460
02470
02479
02480
02490
02490
02500
02510
02510
02519
02520
02525
02530
02540
02600
02630
02630
02640
02650
02660
02670
02680
02700
02710
02710
02718
02719
02720
02720
02729
02730
02739
02750
02750
02750
02760
02760
02770
02780
02790
02800
02810
02810
02830
02830
02840
02840
02850
02860
02870
02900
02910
02920
02930
02940
02950
02960
02970
02980
02980
02990
03000
03010
03020
03020
03023
03023
03027
03028
03100
03100
03103
03104
03109
03199
03200
03219
03220
03229
03230
03240
03300
03303
03310
03313
03319
03320
03330
03339
03340
03400
03410
03420
03430
03440
03500
03510
03520
03530
03540
03550
03560
03570
03580
03590
03600
03610
03620
03630
03640
03650
03660
03700
03710
03720
03730
03740
03800
03809
03810
03818
03819
03820
03840
03849
03900
03910
03920
03930
03940
03949
04000
04009
04010
04020
04030
04040
04100
04110
04120
04120
04129
04200
04210
04230
04239
04240
04250
04259
04260
04260
04260
04260
04270
04280
04300
04307
04309
04310
04310
04317
04318
04319
04319
04320
04320
04320
04326
04327
04330
04330
04330
04330
04330
04330
04330
04336
04337
04338
04340
04340
04340
04350
04350
04350
04350
04350
04359
04360
04360
04368
04369
04370
04370
04370
04380
04380
04390
04390
04400
04410
04410
04420
04440
04440
04440
04450
04460
04470
04470
04480
04480
04480
04480
04489
04490
04490
04500
04510
04513
04513
04519
04530
04535
04600
04610
04620
04630
04640
04650
04650
04660
04660
04700
04700
04710
04718
04719
04719
04720
04729
04730
04730
04738
04738
04739
04800
04800
04810
04815
04830
04830
04840
04843
04849
04850
04859
04870
04870
04890
04890
04890
04899
04908
04908
04909
04909
04909
04910
04918
04919
04920
04921
04929
04930
04938
04939
04940
04950
04960
04970
04980
04980
04980
05000
05009
05010
05020
05030
05030
05039
05050
05060
05100
05110
05118
05119
05120
05126
05128
05129
05130
05200
05214
05219
05220
05230
05238
05240
05249
05260
05268
05269
05270
05280
05310
05320
05330
05330
05330
05330
05348
05349
05360
05370
05379
05400
05410
05410
05500
05520
05530
05600
05610
05619
05620
05700
05710
05730
05750
05760
05780
06000
06007
06010
06018
06020
06030
06038
06039
06040
06050
06057
06058
06060
06065
06066
06067
06068
06070
06079
06080
06090
06100
06140
06170
06171
06179
06199
06200
06200
06220
06240
06250
06270
06280
06300
06309
06350
06357
06400
06430
06450
06470
06479
06500
06589
06597
06598
06599
06600
06606
06609
06691
06692
06693
06694
06695
06696
06698
06699
06700
06704
06707
06720
06724
06725
06727
06728
06729
06740
06760
06780
06796
06797
06798
06800
06820
06840
06850
06860
06870
06880
06890
06900
06920
06995
07000
07010
07010
07010
07020
07040
07050
07058
07059
07060
07069
07070
07070
07070
07080
07089
07090
07090
07100
07100
07109
07110
07119
07119
07130
07130
07140
07140
07140
07140
07144
07144
07149
07150
07150
07160
07164
07164
07164
07164
07170
07180
07180
07180
07183
07187
07188
07189
07190
07199
07200
07207
07208
07209
07210
07214
07220
07220
07224
07230
07239
07240
07248
07248
07248
07248
07248
07249
07249
07250
07259
07268
07269
07270
07279
07280
07280
07290
07300
07300
07309
07310
07320
07320
07320
07320
07323
07326
07327
07328
07329
07330
07340
07340
07349
07350
07350
07359
07360
07360
07363
07369
07370
07380
07380
07400
07410
07410
07420
07420
07430
07440
07450
07455
07456
07456
07457
07457
07458
07459
07460
07469
07470
07480
07500
07509
07509
07510
07520
07530
07530
07540
07548
07549
07549
07550
07560
07570
07580
07600
07620
07630
07640
07650
07660
07670
07680
07700
07700
07700
07707
07708
07709
07710
07720
07730
07730
07730
07738
07739
07740
07750
07754
07755
07760
07770
07770
07780
07780
07790
07790
07800
07810
07820
07820
07830
07838
07839
07840
07840
07850
07850
07858
07859
07860
07860
07869
07870
07870
07880
07889
07890
07890
07890
07899
07900
07909
07910
07918
07919
07920
07920
07930
07939
07940
07950
07958
07959
07960
07960
07960
07969
07969
07970
07979
07979
07980
07980
07990
08000
08009
08010
08020
08029
08030
08040
08040
08100
08160
08170
08180
08188
08189
08200
08210
08220
08230
08240
08300
08310
08320
08400
08400
08400
08420