45508
13235
51649
52589
21004
87958
66250
92532
91418
70393
27145
42445
66155
70504
93950
40441
62837
39003
14568
97505
71323
38731
11424
47443
41671
95515
27283
25708
17094
14556
43816
13092
89932
19165
16814
6718
56377
42475
88721
16124
52301
78021
18089
41857
776
9743
56297
6639
57563
85524
4986
85225
96788
63215
6742
32177
1268
37166
73074
15246
53737
49058
46813
88170
10426
12923
67775
50428
51180
41646
69667
71604
74608
36625
69250
34380
68493
86436
66115
53424
28661
64564
39222
96750
59393
9225
68349
79430
79843
14440
42410
72420
89800
62751
99176
66978
8461
61508
38774
99512
36417
17276
28810
86800
30449
2802
94904
96736
83366
10420
33482
94931
75936
78438
89582
51014
16951
83316
88883
75128
88029
20645
89468
41922
66814
7397
47749
73069
86437
71968
9663
6531
50837
77790
29317
53702
36551
59395
78952
90643
23080
15477
93850
71344
42384
31140
85958
84141
85293
98309
96353
61832
91786
44069
49224
88878
60750
88053
17584
64322
99251
6187
94570
10066
23511
85343
72361
46842
19713
84815
57100
68383
85648
86686
9005
18623
14198
4565
99058
20796
85816
16064
48974
75588
5283
55299
73326
63684
25427
13662
31586
44348
4736
12608
80164
50782
11279
48645
73152
17566
36911
26669
23258
80635
25610
54570
38095
19889
51193
42206
52980
33326
80798
36801
96978
92132
37570
90402
53504
76400
35601
34916
48128
237
63782
11394
54677
93796
73011
35662
50708
36564
48893
20163
69310
61828
46434
41463
61921
51378
36477
2863
34352
4962
12677
726
24289
21582
34137
17318
29490
42858
97188
13453
44055
24202
67486
53944
38388
96435
19680
27309
6900
5985
87189
32841
27754
52353
76768
98932
85604
59105
15881
31457
40443
34471
71003
93246
8381
12959
42648
26110
31097
60838
23701
80780
56981
12671
83369
64907
44306
21590
23319
28620
71416
35886
86272
23139
6947
6143
68664
15579
9250
13774
25213
33412
51557
59750
43968
22271
58429
75995
47148
59897
25875
68136
9155
77429
90434
72002
10334
87719
50397
45153
82233
8694
87077
21157
762
83527
95796
5448
90033
14471
75690
18788
82635
84574
96849
73244
26258
35547
38436
33831
90658
63741
31474
75194
64408
74049
17088
83610
57023
52231
4322
75890
10614
1680
24768
27312
52276
37925
2707
63382
10173
2814
47982
67188
47912
94066
37409
33312
53054
47784
16196
90189
78891
4237
48358
79816
28225
53101
58472
70079
45340
26517
69149
30539
81630
4919
435
81077
50700
41480
49398
23016
682
59884
65256
68168
98444
23983
3016
44626
74018
43995
58193
83639
21644
75685
11447
25028
72802
40906
23057
42231
68690
25686
97876
26837
56882
17331
98029
19803
67348
48864
54508
28854
33670
44516
13227
55305
81197
78979
80431
41207
78846
61277
24619
29059
53820
40282
31360
20059
61864
58518
92344
13729
21022
32866
8158
78240
94406
12321
63366
43034
90608
7805
55536
76299
27670
56758
89646
30914
23699
13206
57512
88672
11408
60019
73452
50046
79082
12004
45475
64749
83815
26819
88726
9256
47470
28884
31496
26084
97196
83403
44783
11266
68027
34458
84309
11670
10905
80888
61966
19791
98248
55635
51729
87298
30646
50513
1753
29056
52644
20234
95752
87707
7203
38621
97317
93082
37253
24755
295
97035
23634
59487
43990
71243
43896
4741
46489
58277
65714
41286
47895
22679
74432
27841
79040
32894
48161
66107
64356
26440
65929
16891
46059
82241
87145
74218
6559
90232
98077
6340
11676
47774
30327
83908
9041
60255
42395
82263
16921
40120
43275
11843
90672
62367
96929
58131
80837
53294
11032
59332
61487
1326
55446
75655
2179
58971
17880
31451
26480
87618
66289
30981
30755
16375
65562
46077
92329
5905
30929
71753
84660
79016
79071
65051
94449
84032
72125
60460
81901
87806
15170
78060
78590
28211
5141
12937
76396
92103
32254
18567
73363
46769
4170
45986
45747
32107
4673
65185
72107
71401
46544
50274
18328
77066
22242
3400
12580
76178
99408
67653
57083
31346
59171
30777
80953
95654
28905
15893
39098
35900
24278
8419
2459
32281
91282
64359
27326
71870
35223
84842
16199
84709
30976
8483
63813
33766
9007
6556
70199
83886
21374
60067
42344
80968
66682
23970
35772
81014
57013
57529
11879
59158
53355
27352
26814
74079
46830
79236
20836
76594
59688
29747
27540
84585
40504
41502
75268
48479
98110
70461
98235
23503
72518
80268
71110
66077
37366
70680
81579
26671
43026
77300
52024
6571
10896
49769
4703
48860
99730
22352
51628
4946
7765
62286
59217
32543
19727
42264
73714
28906
55394
33010
32041
74529
33397
19595
16613
28637
63330
54361
45182
80575
2391
20439
98598
78031
99152
36562
98280
4205
14645
72651
2361
67228
80588
21027
59901
82496
33339
83732
63089
52134
80112
21413
14436
86212
66037
19820
87021
91174
29179
48531
59111
60943
54560
89144
26667
1021
16768
40515
31109
28289
29525
61399
46360
47732
32040
45121
84532
44011
57308
71529
96641
95501
53295
44663
72272
84716
94186
88307
82335
39102
173
99543
51678
15133
15284
44317
44207
23607
4455
51245
45352
20144
6391
7354
79455
64346
26896
71437
42733
89900
57024
39765
42295
24836
94177
83818
27162
58917
40445
50962
2029
93644
86953
87963
26155
24742
50753
28699
88428
94710
93890
55287
44879
56251
93742
69485
34976
35643
89570
51542
37694
53039
68475
16559
13252
66428
51386
81572
1289
82914
26980
33395
74268
84745
64132
88241
65521
11960
6669
66754
53181
60639
56076
58548
67448
70492
34880
72044
87488
67469
20675
66045
18678
20540
81029
7091
78493  
23345
68099
50686
98339
11374
36399
49387
50304
46554
98483
14292
42969
83590
92896
28713
77887
59703
61402
56987
14941
97644
72965
16426
54575
17042
25484
3859
3985
21478
93594
84306
54956
35797
76659
56360
84967
26779
2278
59808
40732
76487
76738
25193
80801
14827
34108
8774
78522
94122
66718
89084
58507
44406
45681
68452
85938
53953
16969
10316
22206
1061
43819
96486
257
54112
59533
95849
49825
11813
76497
92542
74013
32722
3027
94870
1524
898
67445
51323
82167
85950
5656
55522
90618
1197
36045
18639
58173
72786
52581
7569
35824
68542
76134
77343
74535
4181
77845
2360
45143
58376
12090
40229
70761
25269
56769
34879
69554
75448
31834
88035
7267
78947
64550
61450
29162
67940
46533
91135
29778
60029
56430
17167
17519
42241