15163644
15162689
10164812
11165059
16162291
16168226
14162287
12162446
14163596
11166992
12162356
14167078
16168623
12160294
14160938
15161449
13164319
13160189
16168604
12166220
13162398
11169824
14160241
16169751
15165005
11164969
12169615
15166185
13163370
12166879
14162610
14162869
13167899
10164394
12163119
13162351
16163813
16161855
10164167
14164640
12165511
15169086
15163930
16161754
12165395
11160250
14161790
11168886
14168831
12169903
10163516
14164751
14166347
13167032
10167034
13167832
11166992
15161230
10161040
12165380
13163090
11169508
15167992
14168026
14166288
10167502
15160670
16164896
14168012
16165025
12167633
10161992
16163993
11163068
14167466
12160485
14162564
16167408
12164686
13161370
15169912
14163026
10161648
14168632
11162360
15163463
13160620
15164777
16166080
12160132
12168551
11160162
14168466
10168452
15163771
15161132
11162550
10160409
12169064
13161416
15166548
15166867
13169176
10166694
14164697
14167574
15162872
11163575
15163061
10162408
11160168
13161541
11164971
13163896
14164290
12169619
10165165
14168506
12165282
13168753
12169514
14162603
16168009
16165907
11168539
15168265
14161533
10167019
12167593
13164455
12169542
13162878
11164783
15160198
10162616
14164929
12169261
14168604
12162692
10166866
11167572
12163610
16168084
15162676
14164185
15165352
10163831
15162508
11164263
12165018
10167061
15164430
15162063
16165933
13160308
14162753
15167112
15164440
11167542
15162103
16162571
10161919
10167780
15160961
12165798
15167960
16169835
11168769
10160258
13164394
10168778
11167072
13160428
16160402
10160200
13167468
11167326
12160487
10162308
16167352
10161696
11169508
10168238
14168637
13164718
14162396
12161798
11164703
14162389
15160464
13169094
11166920
15169457
11161516
16166184
11164024
15161909
10167153
14169011
11165584
14163648
12167789
12166455
12164626
12162990
11164011
12160307
12164299
12168087
15161891
11167446
11169181
14167303
15169827
10169320
12163509
10160894
15165377
14162200
12166206
16164113
10162380
13168377
10166149
13169120
11161401
13163686
12160570
13163674
12160273
11160348
13164943
15168728
11166117
10166196
14164021
14164542
12165814
15161829
10161029
15165908
10168402
16166206
14165216
12161493
10160346
12168517
11167149
16160134
14162991
15160029
16166257
14168206
11160853
10163826
11166145
11166903
15169658
14163038
12160216
12166413
11164242
16169310
11163019
14165584
16168561
14162789
10161649
10160678
16163150
12162929
15166269
16165304
10169355
15165831
15169585
14165500
10164651
11168728
13161778
13169305
12169205
14165515
15169983
12168906
12160722
13168983
15169970
10165697
15162306
10165608
10162157
10164219
11166850
14167352
10164494
16160041
15161031
13162009
15161146
13169190
11162626
13169115
15168159
15162687
16166327
10162386
15165541
15169154
16165719
16162025
14169390
14161303
12162468
13161019
11167739
11168405
12168068
11168851
12169917
13166519
12168794
11163672
16161134
13161472
11160687
16160154
13161963
14166117
15168540
12164786
16166234
14163458
10160935
11163351
15160653
14160697
11162385
15166810
10165182
13166138
13163611
12161629
16164907
14161255
10161824
15168958
16161697
13163993
12164768
13163757
16167543
15166587
10164997
16160213
16160903
13161853
10164581
10163354
12162839
13165970
12165076
13168875
16161059
15163337
13163157
11163664
13167294
12160024
10168839
15168453
15166662
10166757
11160655
15161400
16166833
16160214
16160545
11167218
14169940
10162688
13160563
11160703
14161197
15164896
13163718
15166215
11165198
16164856
15162528
13165776
14163757
11167353
15160971
12168027
16168036
10163546
16168579
16168247
16162496
14168737
11169485
11166127
14168911
12168201
16164128
10162814
13165410
10166369
10167248
16162083
15168051
13163384
10162612
15162228
12161051
16165295
10162683
10165453
16166199
15169804
11160136
13160170
16162475
12168562
14167781
10168660
13163191
13169561
14163999
15168073
13160319
11169109
10162354
14166650
12163853
13162303
12166448
13169448
12168266
12163738
13164517
11168646
13168208
10166482
14162554
12162762
10161627
14167063
11160040
15166796
16160501
15167362
10168554
12161436
10167285
16160890
13160655
16164025
10169002
11160995
15164540
14166997
13160754
10161944
14168960
15160888
15166118
14160813
11162855
10168961
10163579
11168375
10165033
15168735
15165774
12161032
16161072
16162488
16161826
16162984
15167360
11163996
15162577
14168548
13165908
14162362
15163911
14168578
10168207
11165881
11164739
13162494
16161957
16169364
15163499
14168401
15161052
13167301
13160264
14168149
14166598
12162579
11160723
14162070
11165190
16166329
15163387
11169374
11169951
16168694
15162461
15164926
14160128
15162984
15165748
14161254
12166241
14166856
11169916
11166261
12169892
12163659
15164308
11162125
14160454
10165123
16169236
10169324
11164856
14162992
16165494
16161673
15161620
10162073
14168426
16163545
16166221
10160483
15162557
15169271
15161635
13164634
10161284
15166913
13165749
15166667
12160648
10164248
13165945
16160677
13166608
13163928
14160877
11161138
11161592
13167260
16169986
13162423
15168417
10162064
14162826
10162245
14167865
11169446
10162745
11164246
11160424
13167163
13162820
16165742
12162752
14163553
13166297
15165886
14165512
10165705
14169039
11167220
14161193
13168701
11167694
16169665
14168440
14169365
13164416
12160612
15163296
10167969
12167076
14167732
15167536
15164808
15162893
15162575
12160015
10165495
12163360
16162913
16168616
15169125
16169267
16160063
14167994
12167253
13166388
10164206
13161864
15168872
15165230
13165884
11168045
10167188
13161888
16165479
12169918
11168112
11161720
12164558
16169280
15167907
16163125
11163435
11162914
14168403
10165211
11168273
12168374
16162578
11160607
13168384
12163716
15161170
15163050
10160238
12160949
15162245
14168708
15168888
14164081
12160373
16160461
16160258
13169580
12160213
15165579
13168827
11160003
15160909
12169333
13164810
14160413
11162703
15160218
14162949
10161975
12165685
10166407
13161445
15167881
12162444
14168061
13164446
10163409
12161780
12165987
16164810
15164518
16169385
15163958
16165620
13167964
14163626
13169783
15169097
11160355
13160214
11168912
16160196
14164019
11168652
15164004
11169226
10163904
15165850
12164440
11163325
15162026
12168304
11161327
15160566
15164203
15163599
16165921
15162845
15168004
16164876
12162850
16164494
10160930
11168148
11163807
13162844
15163898
12162091
13162650
10164603
16167075
10163081
16169062
12168086
16163050
11164842
14165058
14165858
13166149
11162090
11166683
13165357
14166536
12161047
13162285
12166518
13163448
13166570
10168692
10165270
15163592
12166026
15167489
15160099
13168336
16163768
12165450
11165609
12166881
14167342
14165922
11162223
13162059
13167168
11161663
16164746
12160853
16165535
15164275
12164625
14163074
14168307
14160958
13161191
16168919
14163670
11165813
11166136
16169388
10166670
12160375
11162835
10162694
12166139
15166451
12167943
11164895
11161874
10163666
11166935
13164058
14164647
14164364
10167945
10164207
10169810
12169751
11169401
15168257
16166797
16163255
12166479
15167973
16161913
13160205
12169431
16163805
13160219
11166905
13163255
11168170
15164255
11167147
12163059
16162422
12162672
12160111
14162780
10160371
10160633
11160383
14166662
16169745
15166039
12168638
14163088
15167468
11161330
12160192
13168986
15165066
11169649
14168297
16160077
16166851
16166736
16169605
15167747
10165829
16165859
14160767
15167256
13160534
13162496
14167551
10164354
16160128
11168327
16161285
16168214
11165223
12160384
14161737
15167815
14167962
15160896
16160807
16166602
12166805
12166560
16167626
13166381
13169470
10162524
16162769
10165950
16161268
13166412
11167388
15162981
11165903
13161200
14162068
15169106
13161534
15162639
14160179
11168000
11166561
10167255
14161362
15164620
15167197
11160780
14162630
14160456
13162460
13164015
12167329
16164860
11161663
15163851
12165895
11166140
15164943
12161217
15166984
15168173
13168679
14165271
15163144
16168757
10164999
13164123
11161682
14164907
15167748
11166766
15168859
12167633
15166521
10168755
16163921
16164567
10165416
14165426
10168795
16163046
16164250
13161190
14169560
10168952
15166935
13161585
12166983
16167727
14164647
11166332
16165570
16163538
12160275
10166726
15163638
11160585
13165427
11169103
11160942
14166939
15161999
10168065
11165340
10166226
15167013
14168477
10165857
10165735
13161976
14164015
13166353
15161299
10166637
12162289
10161745
12169486
16161430
16162193
12167449
12166243
13163343
12168239
16162344
16168219
11166328
15169163
13166113
11168471
16169615
12164041
11163384
16162206
12165574
16168588
12169476
16160570
11162900
11167122
14166003
11161335
15161032
16161972
13168874
10164541
13167743
13161825
12166522
14168875
15163838
12163664
10162367
16160665
14166788
12169521
14162685
14161944
10169026
15169327
15169106
12167026
11166388
13164586
14163996
10168481
12167935
16164517
13166915
11163258
10160062
13166644
12161254
16168030
12165395
13167586
14161941
11169565
14160539
12167039
11167919
16161136
16166198
13168565
11166754
11169574
14168643