5183924
5173438
5154262
5144532
5121863
5171986
5165877
5113873
5189852
5123752
5179159
5133158
5153435
5111173
5116332
5183434
5147886
5126588
5118543
5123583
5143915
5111193
5168376
5171464
5188996
5175713
5118627
5147399
5128849
5133436
5179548
5121111
5145932
5135896
5187434
5175676
5121447
5187271
5186429
5148541
5154887
5188211
5175199
5159965
5168796
5121359
5123423
5195648
5188437
5164817
5165237
5181187
5181278
5163242
5111448
5111614
5139838
5153219
5192619
5174876
5135115
5163846
5147825
5138238
5142475
5153311
5173354
5135573
5193771
5152284
5146172
5156884
5171233
5119918
5171714
5132283
5152854
5114942
5172644
5136222
5173863
5126865
5164754
5194386
5131487
5172396
5188923
5183841
5161683
5199837
5169897
5166851
5136667
5183937
5124421
5162641
5118887
5185968
5139878
5112283
5154782
5185353
5128989
5129565
5134183
5125196
5112746
5148259
5176149
5153752
5129524
5196591
5172635
5148942
5157314
5144333
5153113
5195777
5134237
5177275
5148883
5146115
5198733
5197471
5172279
5128727
5135691
5125192
5116356
5116526
5137194
5183149
5192637
5116514
5165636
5174735
5156173
5124192
5179934
5134674
5143484
5163325
5168147
5165912
5178672
5151887
5121637
5161648
5188763
5166637
5131194
5137682
5175322
5198277
5139819
5113227
5116377
5153158
5138695
5162411
5128593
5148889
5197281
5131781
5179611
5165919
5133668
5182223
5161768
5146917
5171113
5181722
5141658
5181524
5185168
5159152
5117817
5137551
5149938
5162518
5145733
5188335
5138773
5111868
5186837
5157494
5121441
5116348
5182229
5116943
5133836
5137366
5152339
5145743
5135847
5113458
5153846
5189996
5135538
5141586
5124368
5127321
5194617
5163949
5178581
5122921
5178626
5179791
5157883
5183969
5176922
5111468
5159699
5187353
5124734
5143817
5142131
5124522
5156694
5168535
5128111
5196388
5124568
5176886
5149779
5166148
5137218
5157862
5142293
5194195
5152582
5119941
5164766
5154934
5111586
5128396
5112754
5161988
5165879
5186397
5174344
5137378
5154469
5131228
5123248
5169925
5133892
5158744
5128654
5144615
5163213
5147258
5118954
5137482
5113269
5195721
5127323
5188827
5179662
5147939
5132776
5122995
5122492
5153379
5151261
5182171
5113641
5176995
5169113
5139643
5195171
5169619
5148692
5116338
5199465
5143456
5151642
5131748
5167215
5125982
5131579
5117618
5157547
5163787
5184272
5156838
5198686
5121925
5134665
5178872
5114123
5137983
5147262
5148329
5167178
5182757
5111192
5161913
5116445
5119386
5111367
5174665
5162731
5111751
5168227
5117181
5131353
5176155
5194751
5148223
5114449
5127983
5176461
5137283
5197594
5141942
5145473
5149618
5166613
5187338
5136218
5172413
5184239
5158851
5112828
5126322
5163813
5143573
5132478
5125921
5122459
5154164
5121999
5169767
5188264
5197386
5187242
5113546
5117147
5137183
5193142
5195623
5164886
5114373
5132482
5157929
5159911
5152398
5193314
5139473
5197796
5187682
5169114
5179382
5182518
5179124
5127191
5129675
5158232
5195487
5128165
5119532
5199154
5161826
5125461
5151842
5147617
5189858
5151433
5184268
5147281
5196757
5172271
5117932
5177852
5129917
5184579
5192266
5118865
5145393
5174829
5177255
5135993
5124462
5139344
5142147
5183135
5115924
5174762
5126924
5173959
5135589
5118226
5134572
5197888
5152544
5152985
5126132
5158338
5133396
5172962
5141798
5128491
5115815
5188492
5162683
5126238
5125546
5159935
5199254
5193112
5188259
5194824
5182155
5117835
5187332
5191749
5157492
5188634
5119824
5169887
5183597
5122789
5185567
5122481
5115644
5192839
5181769
5111863
5134456
5167837
5184373
5133432
5156589
5185859
5114516
5187691
5122178
5196816
5177445
5139261
5124346
5175893
5142631
5171514
5159416
5123232
5184713
5199262
5161369
5165488
5156263
5153316
5122794
5147821
5163294
5154748
5186675
5187998
5118542
5157963
5187426
5197147
5123149
5188787
5143646
5199536
5154596
5187891
5125918
5145164
5151453
5148958
5192319
5121925
5165679
5147898
5165444
5141353
5196532
5144374
5143622
5198373
5128192
5125668
5114244
5195635
5161451
5164517
5139644
5161753
5171872
5187686
5148322
5158646
5182124
5164816
5165753
5154155
5126146
5148884
5189328
5176187
5112151
5144557
5145767
5112343
5178737
5198267
5157397
5159952
5117239
5143999
5179521
5178373
5116179
5194499
5183298
5131546
5199936
5113252
5111818
5166194
5197878
5115434
5158674
5128519
5173347
5162688
5167141
5189477
5139469
5177686
5133492
5116454
5119442
5182275
5126324
5191231
5192756
5127147
5148487
5115798
5124844
5114645
5122944
5113519
5196729
5187676
5165895
5161747
5133779
5194871
5112889
5132189
5172941
5176573
5163639
5191484
5142933
5154897
5182173
5188167
5118397
5119895
5174988
5198961
5163567
5192594
5129526
5124922
5189749
5187428
5183273
5153416
5187537
5141599
5111558
5148596
5173576
5196632
5125949
5167522
5177778
5138717
5151574
5185575
5147787
5134427
5144366
5148289
5152672
5165186
5173396
5121993
5153871
5117257
5118952
5168458
5176283
5195634
5166953
5194737
5167333
5128381
5148882
5129186
5123861
5114599
5134333
5158368
5164576
5124483
5181372
5116619
5138322
5161698
5157526
5175129
5171922
5128416
5154529
5188932
5171677
5172627
5188787
5156237
5137431
5148569
5112943
5176224
5159994
5187445
5128634
5151973
5144559
5158468
5172636
5173682
5174317
5176885
5134326
5116859
5148856
5151413
5117562
5185979
5112394
5179657
5174539
5196444
5121564
5112533
5115447
5132358
5121243
5184137
5159919
5188539
5126354
5182757
5176621
5192959
5174662
5152127
5126285
5124281
5199218
5143745
5169637
5126669
5137593
5113435
5162844
5171984
5187811
5134966
5168445
5167454
5152835
5146457
5198297
5158179
5184919
5112359
5159764
5116323
5138576
5166375
5111155
5143898
5169168
5153867
5133875
5199436
5173854
5122258
5134817
5156318
5149235
5141794
5163221
5143626
5133597
5143781
5148312
5157815
5112228
5138663
5165521
5115338
5168227
5122998
5121761
5197523
5156611
5153746
5131451
5182118
5173796
5143656
5129151
5182838
5168558
5133717
5136368
5166683
5152732
5144492
5188635
5163225
5115857
5128815
5144151
5149116
5182178
5186857
5114238
5181778
5113449
5197377
5123569
5195856
5188731
5149638
5146321
5131389
5124719
5169282
5131179
5118653
5152863
5129746
5177446
5184147
5194649
5159867
5174947
5137435
5139158
5191135
5186381
5119765
5179615
5165181
5129197
5133941
5181448
5128629
5125464
5176292
5125462
5132673
5135381
5121484
5134636
5129973
5194324
5139833
5161246
5154855
5189696
5174815
5157948
5141745
5159225
5117226
5169318
5141649
5166685
5197963
5177874
5154629
5175944
5188391
5189222
5118432
5176857
5146775
5168317
5145471
5166724
5198481
5189139
5177221
5173784
5134738
5139124
5125931
5165896
5182456
5144955
5139279
5111156
5155541
5133492
5199828
5138174
5189136
5199127
5112865
5153679
5184313
5199272
5193437
5158214
5127612
5153984
5149674
5196233
5124391
5115299
5111743
5154429
5148172
5125324
5164189
5121932
5144637
5177396
5161173
5147179
5177869
5171773
5176135
5188338
5153164
5185712
5169375
5176816
5192549
5186979
5173233
5134273
5175476
5185134
5158887
5188524
5159398
5131515
5174699
5113145
5193132
5118693
5134319
5186741
5118573
5121783
5188544
5131984
5114373
5191943
5153867
5125245
5139132
5113584
5198614
5112989
5179768
5162682
5142729
5147593
5115285
5131159
5119115
5137225
5145852
5113732
5178592
5152216
5124222
5111737
5188862
5153576
5199141
5146162
5196219
5176473
5124138
5186598
5157174
5162567
5143156
5177963
5158857
5132494
5163235
5177595
5137694
5133476
5176348
5189895
5117337
5182138
5142361
5197715
5147225
5136222
5173312
5171194
5132241
5194563
5179767
5114896
5139456
5126464
5118369
5138119
5114229
5188829
5112236
5142988
5112822
5167577
5141874
5112772
5174472
5115335
5138326
5163778
5113138
5144781
5129833
5131768
5153363
5159684
5165584
5188516
5161349
5127931
5184548
5182434
5166126
5181379
5185543
5116875
5154833
5154479
5196734
5129858
5125263
5173795
5182715
5117145
5112156
5111825
5149377
5148556
5132871
5135267
5188416
5161377
5117166
5198235
5127323
5142254
5167719
5181893
5173894
5188819
5126624
5175691
5124133
5124813
5199225
5176573
5179555
5157259
5123491
5124683
5191912
5118677
5128415
5116581
5185785
5122884
5122781
5195932
5187449
5166622